24974
16738
13807
29889
15953
24008
11602
30152
18207
32073
31005
31134
1435
13159
27405
9277
17614
14030
3866
9641
2717
23585
32674
7223
29701
10180
23321
25723
32481
5191
18422
4075
11262
17237
3178
14225
4329
19824
30261
8266
32403
5131
24557
21960
22176
13110
14524
27081
8748
10093
1533
12792
9345
15964
4142
21172
23163
27624
25366
23118
27178
9087
4702
30916
18362
9074
10113
9277
19976
5055
8274
18857
13073
18107
29132
9044
13192
27252
4583
12786
11605
1058
854
18650
15247
21715
4164
7315
5364
19578
15136
21782
26307
16171
25309
20693
31687
26361
2974
28639
