10349
5247
10054
6288
9234
17039
28744
6584
8822
6063
254
25481
24070
31850
14938
28695
6413
18424
6653
21983
19174
330
20033
13137
18882
4324
31414
31849
23393
27208
9829
20069
26326
29560
21674
9083
31244
21135
26617
13797
25623
15294
14548
6311
32638
26510
7631
4073
5115
27870
25880
13252
16343
17009
10695
21013
28605
30207
24926
29834
5379
12893
3974
19314
12723
5818
5653
22361
17889
29787
7263
9240
16278
4698
30462
12722
21988
29993
4927
8217
22304
31593
16626
22722
13130
21978
24586
17170
235
19949
5252
31275
16543
8948
21269
9969
18381
4377
12016
7431
